DF,0.1,0.5,0.025
1,3.078,6.314,12.706
2,1.886,2.92,4.303
3,1.638,2.353,3.182
4,1.533,2.132,2.776
5,1.476,2.015,2.571
6,1.44,1.943,2.447
7,1.415,1.895,2.365
8,1.397,1.86,2.306
9,1.383,1.833,2.262
10,1.372,1.812,2.228
11,1.363,1.796,2.201
12,1.356,1.782,2.179
13,1.35,1.771,2.16
14,1.345,1.761,2.145
15,1.341,1.753,2.131
16,1.337,1.746,2.12
17,1.333,1.74,2.11
18,1.33,1.734,2.101
19,1.328,1.729,2.093
20,1.325,1.725,2.086
21,1.323,1.721,2.08
22,1.321,1.717,2.074
23,1.319,1.714,2.069
24,1.318,1.711,2.064
25,1.316,1.708,2.06
26,1.315,1.706,2.056
27,1.314,1.703,2.052
28,1.313,1.701,2.048
29,1.311,1.699,2.045
30,1.31,1.697,2.042
31,1.309,1.696,2.04
32,1.309,1.694,2.037
33,1.308,1.692,2.035
34,1.307,1.691,2.032
35,1.306,1.69,2.03
36,1.306,1.688,2.028
37,1.305,1.687,2.026
38,1.304,1.686,2.024
39,1.304,1.685,2.023
40,1.303,1.684,2.021
41,1.303,1.683,2.02
42,1.302,1.682,2.018
43,1.302,1.681,2.017
44,1.301,1.68,2.015
45,1.301,1.679,2.014
46,1.3,1.679,2.013
47,1.3,1.678,2.012
48,1.299,1.677,2.011
49,1.299,1.677,2.01
50,1.299,1.676,2.009
51,1.298,1.675,2.008
52,1.298,1.675,2.007
53,1.298,1.674,2.006
54,1.297,1.674,2.005
55,1.297,1.673,2.004
56,1.297,1.673,2.003
57,1.297,1.672,2.002
58,1.296,1.672,2.002
59,1.296,1.671,2.001
60,1.296,1.671,2.0
61,1.296,1.67,2.0
62,1.295,1.67,1.999
63,1.295,1.669,1.998
64,1.295,1.669,1.998
65,1.295,1.669,1.997
66,1.295,1.668,1.997
67,1.294,1.668,1.996
68,1.294,1.668,1.995
69,1.294,1.667,1.995
70,1.294,1.667,1.994
71,1.294,1.667,1.994
72,1.293,1.666,1.993
73,1.293,1.666,1.993
74,1.293,1.666,1.993
75,1.293,1.665,1.992
76,1.293,1.665,1.992
77,1.293,1.665,1.991
78,1.292,1.665,1.991
79,1.292,1.664,1.99
80,1.292,1.664,1.99
81,1.292,1.664,1.99
82,1.292,1.664,1.989
83,1.292,1.663,1.989
84,1.292,1.663,1.989
85,1.292,1.663,1.988
86,1.291,1.663,1.988
87,1.291,1.663,1.988
88,1.291,1.662,1.987
89,1.291,1.662,1.987
90,1.291,1.662,1.987
91,1.291,1.662,1.986
92,1.291,1.662,1.986
93,1.291,1.661,1.986
94,1.291,1.661,1.986
95,1.291,1.661,1.985
96,1.29,1.661,1.985
97,1.29,1.661,1.985
98,1.29,1.661,1.984
99,1.29,1.66,1.984
100,1.29,1.66,1.984
∞,1.282,1.645,1.96
